0xcd000000 0xb1000705 
0xcd000004 0x10 
0xcd000008 0xa000047c 
0xcd00000c 0 
0xcd000010 0x47b 
0xcd000014 0 
0xcd000018 0x17d3a4c 
0xcd00001c 0 
0xcd000020 0xd8101000 
0xcd000024 0 
0xcd000028 0 
0xcd010000 0x1000000 
0xcd010004 0xc 
0xcd010008 0 
0xcd01000c 0 
0xcd010010 0 
0xcd010014 0 
0xcd010018 0 
0xcd01001c 0 
0xcd010020 0 
0xcd010024 0 
0xcd010028 0 
0xcd01002c 0 
0xcd010030 0 
0xcd010034 0 
0xcd010038 0 
0xcd01003c 0x18 
0xcd010040 0 
0xcd010044 0 
0xcd010048 0x60400000 
0xcd01004c 0xc 
0xcd010050 0x340 
0xcd010054 0x200 
0xcd010058 0x324 
0xcd01005c 0 
0xcd010060 0 
0xcd010064 0x4 
0xcd010068 0 
0xcd01006c 0x10 
0xcd010070 0x10 
0xcd010074 0xf 
0xcd010078 0xf 
0xcd01007c 0x1 
0xcd000200 0x2000 
0xcd000204 0 
0xcd000208 0 
0xcd00020c 0 
0xcd000210 0 
0xcd000214 0 
0xcd000218 0x39047b 
0xcd00021c 0 
0xcd000220 0 
0xcd000224 0 
0xcd000228 0 
0xcd00022c 0 
0xcd000230 0 
0xcd000234 0 
0xcd000238 0 
0xcd00023c 0 
0xcd000240 0 
0xcd000244 0 
0xcd000248 0 
0xcd00024c 0 
0xcd000250 0 
0xcd000254 0 
0xcd000258 0 
0xcd00025c 0 
0xcd000260 0 
0xcd000264 0 
0xcd000268 0 
0xcd00026c 0 
0xcd000270 0 
0xcd000274 0 
0xcd000278 0 
0xcd00027c 0 
0xcd000280 0 
0xcd000284 0 
0xcd000288 0 
0xcd00028c 0 
0xcd000290 0 
0xcd000294 0 
0xcd000298 0 
0xcd00029c 0 
0xcd0002a0 0 
0xcd0002a4 0 
0xcd0002a8 0 
0xcd0002ac 0 
0xcd0002b0 0 
0xcd0002b4 0 
0xcd0002b8 0 
0xcd0002bc 0 
0xcd0002c0 0 
0xcd0002c4 0 
0xcd0002c8 0 
0xcd0002cc 0 
0xcd0002d0 0 
0xcd0002d4 0 
0xcd0002d8 0 
0xcd0002dc 0 
0xcd0002e0 0 
0xcd0002e4 0 
0xcd0002e8 0 
0xcd0002ec 0 
0xcd0002f0 0 
0xcd0002f4 0 
0xcd0002f8 0 
0xcd0002fc 0 
0xcd000300 0 
0xcd000304 0 
0xcd000308 0 
0xcd00030c 0 
0xcd000310 0 
0xcd000314 0 
0xcd000318 0 
0xcd00031c 0 
0xcd000320 0 
0xcd000324 0 
0xcd000328 0 
0xcd00032c 0 
0xcd000330 0 
0xcd000334 0 
0xcd000338 0 
0xcd00033c 0 
0xcd000340 0x3e80000 
0xcd000344 0 
0xcd000348 0 
0xcd00034c 0 
0xcd000350 0 
0xcd000354 0 
0xcd000358 0 
0xcd00035c 0 
0xcd000360 0 
0xcd000364 0 
0xcd000368 0 
0xcd00036c 0 
0xcd000370 0 
0xcd000374 0 
0xcd000378 0 
0xcd00037c 0 
0xcd000380 0 
0xcd000384 0 
0xcd000388 0 
0xcd00038c 0 
0xcd000390 0 
0xcd000394 0 
0xcd000398 0 
0xcd00039c 0 
0xcd0003a0 0 
0xcd0003a4 0 
0xcd0003a8 0x3f3f3f3f 
0xcd0003ac 0x2 
0xcd0003b0 0 
0xcd0003b4 0 
0xcd0003b8 0 
0xcd0003bc 0 
0xcd0003c0 0 
0xcd0003c4 0 
0xcd0003c8 0 
0xcd0003cc 0 
0xcd0003d0 0 
0xcd0003d4 0 
0xcd0003d8 0 
0xcd0003dc 0 
0xcd0003e0 0 
0xcd0003e4 0x40010008 
0xcd0003e8 0x8 
0xcd0003ec 0x9b8 
0xcd0003f0 0x8 
0xcd0003f4 0x4000000 
0xcd0003f8 0 
0xcd0003fc 0 
0xcd000400 0 
0xcd000404 0 
0xcd000408 0 
0xcd00040c 0 
0xcd000410 0 
0xcd000414 0 
0xcd000418 0 
0xcd00041c 0 
0xcd000420 0 
0xcd000424 0 
0xcd000428 0 
0xcd00042c 0 
0xcd000430 0 
0xcd000434 0 
0xcd000438 0 
0xcd00043c 0 
0xcd000440 0 
0xcd000444 0 
0xcd000448 0 
0xcd00044c 0 
0xcd000450 0 
0xcd000454 0 
0xcd000458 0 
0xcd00045c 0 
0xcd000460 0 
0xcd000464 0 
0xcd000468 0 
0xcd00046c 0x3e80000 
0xcd000470 0 
0xcd000474 0 
0xcd000478 0 
0xcd00047c 0 
0xcd000480 0 
0xcd000484 0 
0xcd000488 0 
0xcd00048c 0 
0xcd000490 0 
0xcd000494 0 
0xcd000498 0 
0xcd00049c 0 
0xcd0004a0 0 
0xcd0004a4 0 
0xcd0004a8 0 
0xcd0004ac 0 
0xcd0004b0 0 
0xcd0004b4 0 
0xcd0004b8 0 
0xcd0004bc 0 
0xcd0004c0 0 
0xcd0004c4 0 
0xcd0004c8 0 
0xcd0004cc 0 
0xcd0004d0 0 
0xcd0004d4 0x3f3f3f3f 
0xcd0004d8 0x2 
0xcd0004dc 0 
0xcd0004e0 0 
0xcd0004e4 0 
0xcd0004e8 0 
0xcd0004ec 0 
0xcd0004f0 0 
0xcd0004f4 0 
0xcd0004f8 0 
0xcd0004fc 0 
0xcd000500 0 
0xcd000504 0 
0xcd000508 0 
0xcd00050c 0 
0xcd000510 0x40010008 
0xcd000514 0x8 
0xcd000518 0x9d8 
0xcd00051c 0x8 
0xcd000520 0x4004000 
0xffffffff 0 
0 0 
0 0 
0 0 
0 0 
0 0 
0 0 
0 0 
0 0 
0 0 
0 0 
0 0 
0 0 
0 0 
0 0 
0 0 
0 0 
0 0 
0 0 
0 0 
0 0 
0 0 
0 0 
0 0 
0 0 
0 0 
0 0 
0 0 
0 0 
0 0 
0 0 
0 0 
0 0 
0 0 
0 0 
0 0 
0 0 
0 0 
0 0 
0 0 
0 0 
0 0 
0 0 
0 0 
0 0 
0 0 
0 0 
0 0 
0 0 
0 0 
0 0 
0 0 
0 0 
0 0 
0 0 
0 0 
0 0 
0 0 
0 0 
0 0 
0 0 
0 0 
0 0 
0 0 
0 0 
0 0 
0 0 
0 0 
0 0 
0 0 
0 0 
0 0 
0 0 
0 0 
0 0 
0 0 
0 0 
0 0 
0 0 
0 0 
0 0 
0 0 
0 0 
0 0 
0 0 
0 0 
0 0 
0 0 
0 0 
0 0 
0 0 
0 0 
0 0 
0 0 
0 0 
0 0 
0 0 
0 0 
0 0 
0 0 
0 0 
0 0 
0 0 
0 0 
0 0 
0 0 
0 0 
0 0 
0 0 
0 0 
0 0 
0 0 
0 0 
0 0 
0 0 
0 0 
0 0 
0 0 
0 0 
0 0 
0 0 
0 0 
0 0 
0 0 
0 0 
0 0 
0 0 
0 0 
0 0 
0 0 
0 0 
0 0 
0 0 
0 0 
0 0 
0 0 
0 0 
0 0 
0 0 
0 0 
0 0 
0 0 
0 0 
0 0 
0 0 
0 0 
0 0 
0 0 
0 0 
0 0 
0 0 
0 0 
0 0 
0 0 
0 0 
0 0 
0 0 
0 0 
0 0 
0 0 
0 0 
0 0 
0 0 
0 0 
0 0 
0 0 
0 0 
0 0 
0 0 
0 0 
0 0 
0 0 
0 0 
0 0 
0 0 
0 0 
0 0 
0 0 
0 0 
0 0 
0 0 
0 0 
0 0 
0 0 
0 0 
0 0 
0 0 
0 0 
0 0 
0 0 
0 0 
0 0 
0 0 
0 0 
0 0 
0 0 
0 0 
0 0 
0 0 
0 0 
0 0 
0 0 
0 0 
0 0 
0 0 
0 0 
0 0 
0 0 
0 0 
0 0 
0 0 
0 0 
0 0 
0 0 
0 0 
0 0 
0 0 
0 0 
0 0 
0 0 
0 0 
0 0 
0 0 
0 0 
0 0 
0 0 
0 0 
0 0 
0 0 
0 0 
0 0 
0 0 
0 0 
0 0 
0 0 
0 0 
0 0 
0 0 
0 0 
0 0 
0 0 
0 0 
0 0 
0 0 
0 0 
0 0 
0 0 
0 0 
0 0 
0 0 
0 0 
0 0 
0 0 
0 0 
0 0 
0 0 

